{
 "cells": [
  {
   "cell_type": "markdown",
   "metadata": {},
   "source": [
    "# hitters data set homework"
   ]
  },
  {
   "cell_type": "code",
   "execution_count": 172,
   "metadata": {},
   "outputs": [],
   "source": [
    "import numpy as np\n",
    "import pandas as pd\n",
    "from sklearn.linear_model import Ridge\n",
    "from sklearn.metrics import mean_squared_error,r2_score\n",
    "from sklearn.model_selection import train_test_split, cross_val_score\n",
    "from sklearn import model_selection\n",
    "import matplotlib.pyplot as plt\n",
    "from sklearn.linear_model import RidgeCV\n",
    "from sklearn.linear_model import LinearRegression\n",
    "import seaborn as sns"
   ]
  },
  {
   "cell_type": "code",
   "execution_count": 173,
   "metadata": {},
   "outputs": [],
   "source": [
    "hitters = pd.read_csv('Hitters.csv')"
   ]
  },
  {
   "cell_type": "code",
   "execution_count": 174,
   "metadata": {},
   "outputs": [],
   "source": [
    "df = hitters.copy()"
   ]
  },
  {
   "cell_type": "code",
   "execution_count": 175,
   "metadata": {},
   "outputs": [
    {
     "data": {
      "text/html": [
       "<div>\n",
       "<style scoped>\n",
       "    .dataframe tbody tr th:only-of-type {\n",
       "        vertical-align: middle;\n",
       "    }\n",
       "\n",
       "    .dataframe tbody tr th {\n",
       "        vertical-align: top;\n",
       "    }\n",
       "\n",
       "    .dataframe thead th {\n",
       "        text-align: right;\n",
       "    }\n",
       "</style>\n",
       "<table border=\"1\" class=\"dataframe\">\n",
       "  <thead>\n",
       "    <tr style=\"text-align: right;\">\n",
       "      <th></th>\n",
       "      <th>AtBat</th>\n",
       "      <th>Hits</th>\n",
       "      <th>HmRun</th>\n",
       "      <th>Runs</th>\n",
       "      <th>RBI</th>\n",
       "      <th>Walks</th>\n",
       "      <th>Years</th>\n",
       "      <th>CAtBat</th>\n",
       "      <th>CHits</th>\n",
       "      <th>CHmRun</th>\n",
       "      <th>CRuns</th>\n",
       "      <th>CRBI</th>\n",
       "      <th>CWalks</th>\n",
       "      <th>League</th>\n",
       "      <th>Division</th>\n",
       "      <th>PutOuts</th>\n",
       "      <th>Assists</th>\n",
       "      <th>Errors</th>\n",
       "      <th>Salary</th>\n",
       "      <th>NewLeague</th>\n",
       "    </tr>\n",
       "  </thead>\n",
       "  <tbody>\n",
       "    <tr>\n",
       "      <th>0</th>\n",
       "      <td>293</td>\n",
       "      <td>66</td>\n",
       "      <td>1</td>\n",
       "      <td>30</td>\n",
       "      <td>29</td>\n",
       "      <td>14</td>\n",
       "      <td>1</td>\n",
       "      <td>293</td>\n",
       "      <td>66</td>\n",
       "      <td>1</td>\n",
       "      <td>30</td>\n",
       "      <td>29</td>\n",
       "      <td>14</td>\n",
       "      <td>A</td>\n",
       "      <td>E</td>\n",
       "      <td>446</td>\n",
       "      <td>33</td>\n",
       "      <td>20</td>\n",
       "      <td>NaN</td>\n",
       "      <td>A</td>\n",
       "    </tr>\n",
       "    <tr>\n",
       "      <th>1</th>\n",
       "      <td>315</td>\n",
       "      <td>81</td>\n",
       "      <td>7</td>\n",
       "      <td>24</td>\n",
       "      <td>38</td>\n",
       "      <td>39</td>\n",
       "      <td>14</td>\n",
       "      <td>3449</td>\n",
       "      <td>835</td>\n",
       "      <td>69</td>\n",
       "      <td>321</td>\n",
       "      <td>414</td>\n",
       "      <td>375</td>\n",
       "      <td>N</td>\n",
       "      <td>W</td>\n",
       "      <td>632</td>\n",
       "      <td>43</td>\n",
       "      <td>10</td>\n",
       "      <td>475.0</td>\n",
       "      <td>N</td>\n",
       "    </tr>\n",
       "    <tr>\n",
       "      <th>2</th>\n",
       "      <td>479</td>\n",
       "      <td>130</td>\n",
       "      <td>18</td>\n",
       "      <td>66</td>\n",
       "      <td>72</td>\n",
       "      <td>76</td>\n",
       "      <td>3</td>\n",
       "      <td>1624</td>\n",
       "      <td>457</td>\n",
       "      <td>63</td>\n",
       "      <td>224</td>\n",
       "      <td>266</td>\n",
       "      <td>263</td>\n",
       "      <td>A</td>\n",
       "      <td>W</td>\n",
       "      <td>880</td>\n",
       "      <td>82</td>\n",
       "      <td>14</td>\n",
       "      <td>480.0</td>\n",
       "      <td>A</td>\n",
       "    </tr>\n",
       "    <tr>\n",
       "      <th>3</th>\n",
       "      <td>496</td>\n",
       "      <td>141</td>\n",
       "      <td>20</td>\n",
       "      <td>65</td>\n",
       "      <td>78</td>\n",
       "      <td>37</td>\n",
       "      <td>11</td>\n",
       "      <td>5628</td>\n",
       "      <td>1575</td>\n",
       "      <td>225</td>\n",
       "      <td>828</td>\n",
       "      <td>838</td>\n",
       "      <td>354</td>\n",
       "      <td>N</td>\n",
       "      <td>E</td>\n",
       "      <td>200</td>\n",
       "      <td>11</td>\n",
       "      <td>3</td>\n",
       "      <td>500.0</td>\n",
       "      <td>N</td>\n",
       "    </tr>\n",
       "    <tr>\n",
       "      <th>4</th>\n",
       "      <td>321</td>\n",
       "      <td>87</td>\n",
       "      <td>10</td>\n",
       "      <td>39</td>\n",
       "      <td>42</td>\n",
       "      <td>30</td>\n",
       "      <td>2</td>\n",
       "      <td>396</td>\n",
       "      <td>101</td>\n",
       "      <td>12</td>\n",
       "      <td>48</td>\n",
       "      <td>46</td>\n",
       "      <td>33</td>\n",
       "      <td>N</td>\n",
       "      <td>E</td>\n",
       "      <td>805</td>\n",
       "      <td>40</td>\n",
       "      <td>4</td>\n",
       "      <td>91.5</td>\n",
       "      <td>N</td>\n",
       "    </tr>\n",
       "  </tbody>\n",
       "</table>\n",
       "</div>"
      ],
      "text/plain": [
       "   AtBat  Hits  HmRun  Runs  RBI  Walks  Years  CAtBat  CHits  CHmRun  CRuns  \\\n",
       "0    293    66      1    30   29     14      1     293     66       1     30   \n",
       "1    315    81      7    24   38     39     14    3449    835      69    321   \n",
       "2    479   130     18    66   72     76      3    1624    457      63    224   \n",
       "3    496   141     20    65   78     37     11    5628   1575     225    828   \n",
       "4    321    87     10    39   42     30      2     396    101      12     48   \n",
       "\n",
       "   CRBI  CWalks League Division  PutOuts  Assists  Errors  Salary NewLeague  \n",
       "0    29      14      A        E      446       33      20     NaN         A  \n",
       "1   414     375      N        W      632       43      10   475.0         N  \n",
       "2   266     263      A        W      880       82      14   480.0         A  \n",
       "3   838     354      N        E      200       11       3   500.0         N  \n",
       "4    46      33      N        E      805       40       4    91.5         N  "
      ]
     },
     "execution_count": 175,
     "metadata": {},
     "output_type": "execute_result"
    }
   ],
   "source": [
    "df.head()"
   ]
  },
  {
   "cell_type": "code",
   "execution_count": 176,
   "metadata": {},
   "outputs": [
    {
     "data": {
      "text/html": [
       "<div>\n",
       "<style scoped>\n",
       "    .dataframe tbody tr th:only-of-type {\n",
       "        vertical-align: middle;\n",
       "    }\n",
       "\n",
       "    .dataframe tbody tr th {\n",
       "        vertical-align: top;\n",
       "    }\n",
       "\n",
       "    .dataframe thead th {\n",
       "        text-align: right;\n",
       "    }\n",
       "</style>\n",
       "<table border=\"1\" class=\"dataframe\">\n",
       "  <thead>\n",
       "    <tr style=\"text-align: right;\">\n",
       "      <th></th>\n",
       "      <th>AtBat</th>\n",
       "      <th>Hits</th>\n",
       "      <th>HmRun</th>\n",
       "      <th>Runs</th>\n",
       "      <th>RBI</th>\n",
       "      <th>Walks</th>\n",
       "      <th>Years</th>\n",
       "      <th>CAtBat</th>\n",
       "      <th>CHits</th>\n",
       "      <th>CHmRun</th>\n",
       "      <th>CRuns</th>\n",
       "      <th>CRBI</th>\n",
       "      <th>CWalks</th>\n",
       "      <th>PutOuts</th>\n",
       "      <th>Assists</th>\n",
       "      <th>Errors</th>\n",
       "      <th>Salary</th>\n",
       "      <th>League_N</th>\n",
       "      <th>Division_W</th>\n",
       "      <th>NewLeague_N</th>\n",
       "    </tr>\n",
       "  </thead>\n",
       "  <tbody>\n",
       "    <tr>\n",
       "      <th>0</th>\n",
       "      <td>293</td>\n",
       "      <td>66</td>\n",
       "      <td>1</td>\n",
       "      <td>30</td>\n",
       "      <td>29</td>\n",
       "      <td>14</td>\n",
       "      <td>1</td>\n",
       "      <td>293</td>\n",
       "      <td>66</td>\n",
       "      <td>1</td>\n",
       "      <td>30</td>\n",
       "      <td>29</td>\n",
       "      <td>14</td>\n",
       "      <td>446</td>\n",
       "      <td>33</td>\n",
       "      <td>20</td>\n",
       "      <td>NaN</td>\n",
       "      <td>0</td>\n",
       "      <td>0</td>\n",
       "      <td>0</td>\n",
       "    </tr>\n",
       "    <tr>\n",
       "      <th>1</th>\n",
       "      <td>315</td>\n",
       "      <td>81</td>\n",
       "      <td>7</td>\n",
       "      <td>24</td>\n",
       "      <td>38</td>\n",
       "      <td>39</td>\n",
       "      <td>14</td>\n",
       "      <td>3449</td>\n",
       "      <td>835</td>\n",
       "      <td>69</td>\n",
       "      <td>321</td>\n",
       "      <td>414</td>\n",
       "      <td>375</td>\n",
       "      <td>632</td>\n",
       "      <td>43</td>\n",
       "      <td>10</td>\n",
       "      <td>475.0</td>\n",
       "      <td>1</td>\n",
       "      <td>1</td>\n",
       "      <td>1</td>\n",
       "    </tr>\n",
       "    <tr>\n",
       "      <th>2</th>\n",
       "      <td>479</td>\n",
       "      <td>130</td>\n",
       "      <td>18</td>\n",
       "      <td>66</td>\n",
       "      <td>72</td>\n",
       "      <td>76</td>\n",
       "      <td>3</td>\n",
       "      <td>1624</td>\n",
       "      <td>457</td>\n",
       "      <td>63</td>\n",
       "      <td>224</td>\n",
       "      <td>266</td>\n",
       "      <td>263</td>\n",
       "      <td>880</td>\n",
       "      <td>82</td>\n",
       "      <td>14</td>\n",
       "      <td>480.0</td>\n",
       "      <td>0</td>\n",
       "      <td>1</td>\n",
       "      <td>0</td>\n",
       "    </tr>\n",
       "    <tr>\n",
       "      <th>3</th>\n",
       "      <td>496</td>\n",
       "      <td>141</td>\n",
       "      <td>20</td>\n",
       "      <td>65</td>\n",
       "      <td>78</td>\n",
       "      <td>37</td>\n",
       "      <td>11</td>\n",
       "      <td>5628</td>\n",
       "      <td>1575</td>\n",
       "      <td>225</td>\n",
       "      <td>828</td>\n",
       "      <td>838</td>\n",
       "      <td>354</td>\n",
       "      <td>200</td>\n",
       "      <td>11</td>\n",
       "      <td>3</td>\n",
       "      <td>500.0</td>\n",
       "      <td>1</td>\n",
       "      <td>0</td>\n",
       "      <td>1</td>\n",
       "    </tr>\n",
       "    <tr>\n",
       "      <th>4</th>\n",
       "      <td>321</td>\n",
       "      <td>87</td>\n",
       "      <td>10</td>\n",
       "      <td>39</td>\n",
       "      <td>42</td>\n",
       "      <td>30</td>\n",
       "      <td>2</td>\n",
       "      <td>396</td>\n",
       "      <td>101</td>\n",
       "      <td>12</td>\n",
       "      <td>48</td>\n",
       "      <td>46</td>\n",
       "      <td>33</td>\n",
       "      <td>805</td>\n",
       "      <td>40</td>\n",
       "      <td>4</td>\n",
       "      <td>91.5</td>\n",
       "      <td>1</td>\n",
       "      <td>0</td>\n",
       "      <td>1</td>\n",
       "    </tr>\n",
       "  </tbody>\n",
       "</table>\n",
       "</div>"
      ],
      "text/plain": [
       "   AtBat  Hits  HmRun  Runs  RBI  Walks  Years  CAtBat  CHits  CHmRun  CRuns  \\\n",
       "0    293    66      1    30   29     14      1     293     66       1     30   \n",
       "1    315    81      7    24   38     39     14    3449    835      69    321   \n",
       "2    479   130     18    66   72     76      3    1624    457      63    224   \n",
       "3    496   141     20    65   78     37     11    5628   1575     225    828   \n",
       "4    321    87     10    39   42     30      2     396    101      12     48   \n",
       "\n",
       "   CRBI  CWalks  PutOuts  Assists  Errors  Salary  League_N  Division_W  \\\n",
       "0    29      14      446       33      20     NaN         0           0   \n",
       "1   414     375      632       43      10   475.0         1           1   \n",
       "2   266     263      880       82      14   480.0         0           1   \n",
       "3   838     354      200       11       3   500.0         1           0   \n",
       "4    46      33      805       40       4    91.5         1           0   \n",
       "\n",
       "   NewLeague_N  \n",
       "0            0  \n",
       "1            1  \n",
       "2            0  \n",
       "3            1  \n",
       "4            1  "
      ]
     },
     "execution_count": 176,
     "metadata": {},
     "output_type": "execute_result"
    }
   ],
   "source": [
    "df = pd.get_dummies(df, columns = ['League', 'Division', 'NewLeague'], drop_first = True)\n",
    "df.head()"
   ]
  },
  {
   "cell_type": "code",
   "execution_count": 177,
   "metadata": {},
   "outputs": [
    {
     "data": {
      "text/html": [
       "<div>\n",
       "<style scoped>\n",
       "    .dataframe tbody tr th:only-of-type {\n",
       "        vertical-align: middle;\n",
       "    }\n",
       "\n",
       "    .dataframe tbody tr th {\n",
       "        vertical-align: top;\n",
       "    }\n",
       "\n",
       "    .dataframe thead th {\n",
       "        text-align: right;\n",
       "    }\n",
       "</style>\n",
       "<table border=\"1\" class=\"dataframe\">\n",
       "  <thead>\n",
       "    <tr style=\"text-align: right;\">\n",
       "      <th></th>\n",
       "      <th>AtBat</th>\n",
       "      <th>Hits</th>\n",
       "      <th>HmRun</th>\n",
       "      <th>Runs</th>\n",
       "      <th>RBI</th>\n",
       "      <th>Walks</th>\n",
       "      <th>Years</th>\n",
       "      <th>CAtBat</th>\n",
       "      <th>CHits</th>\n",
       "      <th>CHmRun</th>\n",
       "      <th>CRuns</th>\n",
       "      <th>CRBI</th>\n",
       "      <th>CWalks</th>\n",
       "      <th>PutOuts</th>\n",
       "      <th>Assists</th>\n",
       "      <th>Errors</th>\n",
       "      <th>Salary</th>\n",
       "      <th>League_N</th>\n",
       "      <th>Division_W</th>\n",
       "      <th>NewLeague_N</th>\n",
       "    </tr>\n",
       "  </thead>\n",
       "  <tbody>\n",
       "    <tr>\n",
       "      <th>AtBat</th>\n",
       "      <td>1.000000</td>\n",
       "      <td>0.967939</td>\n",
       "      <td>0.592198</td>\n",
       "      <td>0.913060</td>\n",
       "      <td>0.820539</td>\n",
       "      <td>0.669845</td>\n",
       "      <td>0.047372</td>\n",
       "      <td>0.235526</td>\n",
       "      <td>0.252717</td>\n",
       "      <td>0.236659</td>\n",
       "      <td>0.266534</td>\n",
       "      <td>0.244053</td>\n",
       "      <td>0.166123</td>\n",
       "      <td>0.317550</td>\n",
       "      <td>0.353824</td>\n",
       "      <td>0.352117</td>\n",
       "      <td>0.394771</td>\n",
       "      <td>-0.101663</td>\n",
       "      <td>-0.045441</td>\n",
       "      <td>-0.057655</td>\n",
       "    </tr>\n",
       "    <tr>\n",
       "      <th>Hits</th>\n",
       "      <td>0.967939</td>\n",
       "      <td>1.000000</td>\n",
       "      <td>0.562158</td>\n",
       "      <td>0.922187</td>\n",
       "      <td>0.811073</td>\n",
       "      <td>0.641211</td>\n",
       "      <td>0.044767</td>\n",
       "      <td>0.227565</td>\n",
       "      <td>0.255815</td>\n",
       "      <td>0.202712</td>\n",
       "      <td>0.261787</td>\n",
       "      <td>0.232005</td>\n",
       "      <td>0.151818</td>\n",
       "      <td>0.310673</td>\n",
       "      <td>0.320455</td>\n",
       "      <td>0.310038</td>\n",
       "      <td>0.438675</td>\n",
       "      <td>-0.101038</td>\n",
       "      <td>-0.071143</td>\n",
       "      <td>-0.060608</td>\n",
       "    </tr>\n",
       "    <tr>\n",
       "      <th>HmRun</th>\n",
       "      <td>0.592198</td>\n",
       "      <td>0.562158</td>\n",
       "      <td>1.000000</td>\n",
       "      <td>0.650988</td>\n",
       "      <td>0.855122</td>\n",
       "      <td>0.481014</td>\n",
       "      <td>0.116318</td>\n",
       "      <td>0.221882</td>\n",
       "      <td>0.220627</td>\n",
       "      <td>0.493227</td>\n",
       "      <td>0.262361</td>\n",
       "      <td>0.351979</td>\n",
       "      <td>0.233154</td>\n",
       "      <td>0.282923</td>\n",
       "      <td>-0.106329</td>\n",
       "      <td>0.039318</td>\n",
       "      <td>0.343028</td>\n",
       "      <td>-0.177258</td>\n",
       "      <td>-0.017206</td>\n",
       "      <td>-0.166044</td>\n",
       "    </tr>\n",
       "    <tr>\n",
       "      <th>Runs</th>\n",
       "      <td>0.913060</td>\n",
       "      <td>0.922187</td>\n",
       "      <td>0.650988</td>\n",
       "      <td>1.000000</td>\n",
       "      <td>0.798206</td>\n",
       "      <td>0.732213</td>\n",
       "      <td>0.004541</td>\n",
       "      <td>0.186497</td>\n",
       "      <td>0.204830</td>\n",
       "      <td>0.227913</td>\n",
       "      <td>0.250556</td>\n",
       "      <td>0.205976</td>\n",
       "      <td>0.182168</td>\n",
       "      <td>0.279347</td>\n",
       "      <td>0.220567</td>\n",
       "      <td>0.240475</td>\n",
       "      <td>0.419859</td>\n",
       "      <td>-0.150392</td>\n",
       "      <td>-0.076311</td>\n",
       "      <td>-0.115446</td>\n",
       "    </tr>\n",
       "    <tr>\n",
       "      <th>RBI</th>\n",
       "      <td>0.820539</td>\n",
       "      <td>0.811073</td>\n",
       "      <td>0.855122</td>\n",
       "      <td>0.798206</td>\n",
       "      <td>1.000000</td>\n",
       "      <td>0.615997</td>\n",
       "      <td>0.146168</td>\n",
       "      <td>0.294688</td>\n",
       "      <td>0.308201</td>\n",
       "      <td>0.441771</td>\n",
       "      <td>0.323285</td>\n",
       "      <td>0.393184</td>\n",
       "      <td>0.250914</td>\n",
       "      <td>0.343186</td>\n",
       "      <td>0.106591</td>\n",
       "      <td>0.193370</td>\n",
       "      <td>0.449457</td>\n",
       "      <td>-0.145597</td>\n",
       "      <td>-0.075531</td>\n",
       "      <td>-0.120124</td>\n",
       "    </tr>\n",
       "    <tr>\n",
       "      <th>Walks</th>\n",
       "      <td>0.669845</td>\n",
       "      <td>0.641211</td>\n",
       "      <td>0.481014</td>\n",
       "      <td>0.732213</td>\n",
       "      <td>0.615997</td>\n",
       "      <td>1.000000</td>\n",
       "      <td>0.136475</td>\n",
       "      <td>0.277175</td>\n",
       "      <td>0.280671</td>\n",
       "      <td>0.332473</td>\n",
       "      <td>0.338478</td>\n",
       "      <td>0.308631</td>\n",
       "      <td>0.424507</td>\n",
       "      <td>0.299515</td>\n",
       "      <td>0.149656</td>\n",
       "      <td>0.129382</td>\n",
       "      <td>0.443867</td>\n",
       "      <td>-0.045337</td>\n",
       "      <td>-0.059086</td>\n",
       "      <td>-0.020029</td>\n",
       "    </tr>\n",
       "    <tr>\n",
       "      <th>Years</th>\n",
       "      <td>0.047372</td>\n",
       "      <td>0.044767</td>\n",
       "      <td>0.116318</td>\n",
       "      <td>0.004541</td>\n",
       "      <td>0.146168</td>\n",
       "      <td>0.136475</td>\n",
       "      <td>1.000000</td>\n",
       "      <td>0.920289</td>\n",
       "      <td>0.903631</td>\n",
       "      <td>0.726872</td>\n",
       "      <td>0.882877</td>\n",
       "      <td>0.868812</td>\n",
       "      <td>0.838533</td>\n",
       "      <td>-0.004684</td>\n",
       "      <td>-0.080638</td>\n",
       "      <td>-0.162140</td>\n",
       "      <td>0.400657</td>\n",
       "      <td>-0.047261</td>\n",
       "      <td>0.021126</td>\n",
       "      <td>-0.042919</td>\n",
       "    </tr>\n",
       "    <tr>\n",
       "      <th>CAtBat</th>\n",
       "      <td>0.235526</td>\n",
       "      <td>0.227565</td>\n",
       "      <td>0.221882</td>\n",
       "      <td>0.186497</td>\n",
       "      <td>0.294688</td>\n",
       "      <td>0.277175</td>\n",
       "      <td>0.920289</td>\n",
       "      <td>1.000000</td>\n",
       "      <td>0.995063</td>\n",
       "      <td>0.798836</td>\n",
       "      <td>0.983345</td>\n",
       "      <td>0.949219</td>\n",
       "      <td>0.906501</td>\n",
       "      <td>0.062283</td>\n",
       "      <td>0.002038</td>\n",
       "      <td>-0.066922</td>\n",
       "      <td>0.526135</td>\n",
       "      <td>-0.028738</td>\n",
       "      <td>0.022965</td>\n",
       "      <td>-0.016502</td>\n",
       "    </tr>\n",
       "    <tr>\n",
       "      <th>CHits</th>\n",
       "      <td>0.252717</td>\n",
       "      <td>0.255815</td>\n",
       "      <td>0.220627</td>\n",
       "      <td>0.204830</td>\n",
       "      <td>0.308201</td>\n",
       "      <td>0.280671</td>\n",
       "      <td>0.903631</td>\n",
       "      <td>0.995063</td>\n",
       "      <td>1.000000</td>\n",
       "      <td>0.783306</td>\n",
       "      <td>0.984609</td>\n",
       "      <td>0.945141</td>\n",
       "      <td>0.890954</td>\n",
       "      <td>0.076547</td>\n",
       "      <td>-0.002523</td>\n",
       "      <td>-0.062756</td>\n",
       "      <td>0.548910</td>\n",
       "      <td>-0.025790</td>\n",
       "      <td>0.013584</td>\n",
       "      <td>-0.010047</td>\n",
       "    </tr>\n",
       "    <tr>\n",
       "      <th>CHmRun</th>\n",
       "      <td>0.236659</td>\n",
       "      <td>0.202712</td>\n",
       "      <td>0.493227</td>\n",
       "      <td>0.227913</td>\n",
       "      <td>0.441771</td>\n",
       "      <td>0.332473</td>\n",
       "      <td>0.726872</td>\n",
       "      <td>0.798836</td>\n",
       "      <td>0.783306</td>\n",
       "      <td>1.000000</td>\n",
       "      <td>0.820243</td>\n",
       "      <td>0.929484</td>\n",
       "      <td>0.799983</td>\n",
       "      <td>0.112724</td>\n",
       "      <td>-0.158511</td>\n",
       "      <td>-0.138115</td>\n",
       "      <td>0.524931</td>\n",
       "      <td>-0.098383</td>\n",
       "      <td>0.006783</td>\n",
       "      <td>-0.097461</td>\n",
       "    </tr>\n",
       "    <tr>\n",
       "      <th>CRuns</th>\n",
       "      <td>0.266534</td>\n",
       "      <td>0.261787</td>\n",
       "      <td>0.262361</td>\n",
       "      <td>0.250556</td>\n",
       "      <td>0.323285</td>\n",
       "      <td>0.338478</td>\n",
       "      <td>0.882877</td>\n",
       "      <td>0.983345</td>\n",
       "      <td>0.984609</td>\n",
       "      <td>0.820243</td>\n",
       "      <td>1.000000</td>\n",
       "      <td>0.943769</td>\n",
       "      <td>0.927807</td>\n",
       "      <td>0.064180</td>\n",
       "      <td>-0.022978</td>\n",
       "      <td>-0.084395</td>\n",
       "      <td>0.562678</td>\n",
       "      <td>-0.054666</td>\n",
       "      <td>-0.000935</td>\n",
       "      <td>-0.042882</td>\n",
       "    </tr>\n",
       "    <tr>\n",
       "      <th>CRBI</th>\n",
       "      <td>0.244053</td>\n",
       "      <td>0.232005</td>\n",
       "      <td>0.351979</td>\n",
       "      <td>0.205976</td>\n",
       "      <td>0.393184</td>\n",
       "      <td>0.308631</td>\n",
       "      <td>0.868812</td>\n",
       "      <td>0.949219</td>\n",
       "      <td>0.945141</td>\n",
       "      <td>0.929484</td>\n",
       "      <td>0.943769</td>\n",
       "      <td>1.000000</td>\n",
       "      <td>0.884726</td>\n",
       "      <td>0.110098</td>\n",
       "      <td>-0.079387</td>\n",
       "      <td>-0.100990</td>\n",
       "      <td>0.566966</td>\n",
       "      <td>-0.052684</td>\n",
       "      <td>0.013213</td>\n",
       "      <td>-0.045737</td>\n",
       "    </tr>\n",
       "    <tr>\n",
       "      <th>CWalks</th>\n",
       "      <td>0.166123</td>\n",
       "      <td>0.151818</td>\n",
       "      <td>0.233154</td>\n",
       "      <td>0.182168</td>\n",
       "      <td>0.250914</td>\n",
       "      <td>0.424507</td>\n",
       "      <td>0.838533</td>\n",
       "      <td>0.906501</td>\n",
       "      <td>0.890954</td>\n",
       "      <td>0.799983</td>\n",
       "      <td>0.927807</td>\n",
       "      <td>0.884726</td>\n",
       "      <td>1.000000</td>\n",
       "      <td>0.058638</td>\n",
       "      <td>-0.039130</td>\n",
       "      <td>-0.118475</td>\n",
       "      <td>0.489822</td>\n",
       "      <td>-0.050884</td>\n",
       "      <td>-0.005183</td>\n",
       "      <td>-0.051726</td>\n",
       "    </tr>\n",
       "    <tr>\n",
       "      <th>PutOuts</th>\n",
       "      <td>0.317550</td>\n",
       "      <td>0.310673</td>\n",
       "      <td>0.282923</td>\n",
       "      <td>0.279347</td>\n",
       "      <td>0.343186</td>\n",
       "      <td>0.299515</td>\n",
       "      <td>-0.004684</td>\n",
       "      <td>0.062283</td>\n",
       "      <td>0.076547</td>\n",
       "      <td>0.112724</td>\n",
       "      <td>0.064180</td>\n",
       "      <td>0.110098</td>\n",
       "      <td>0.058638</td>\n",
       "      <td>1.000000</td>\n",
       "      <td>-0.025024</td>\n",
       "      <td>0.109972</td>\n",
       "      <td>0.300480</td>\n",
       "      <td>0.023984</td>\n",
       "      <td>-0.005647</td>\n",
       "      <td>0.032833</td>\n",
       "    </tr>\n",
       "    <tr>\n",
       "      <th>Assists</th>\n",
       "      <td>0.353824</td>\n",
       "      <td>0.320455</td>\n",
       "      <td>-0.106329</td>\n",
       "      <td>0.220567</td>\n",
       "      <td>0.106591</td>\n",
       "      <td>0.149656</td>\n",
       "      <td>-0.080638</td>\n",
       "      <td>0.002038</td>\n",
       "      <td>-0.002523</td>\n",
       "      <td>-0.158511</td>\n",
       "      <td>-0.022978</td>\n",
       "      <td>-0.079387</td>\n",
       "      <td>-0.039130</td>\n",
       "      <td>-0.025024</td>\n",
       "      <td>1.000000</td>\n",
       "      <td>0.706362</td>\n",
       "      <td>0.025436</td>\n",
       "      <td>0.045527</td>\n",
       "      <td>-0.013852</td>\n",
       "      <td>0.039066</td>\n",
       "    </tr>\n",
       "    <tr>\n",
       "      <th>Errors</th>\n",
       "      <td>0.352117</td>\n",
       "      <td>0.310038</td>\n",
       "      <td>0.039318</td>\n",
       "      <td>0.240475</td>\n",
       "      <td>0.193370</td>\n",
       "      <td>0.129382</td>\n",
       "      <td>-0.162140</td>\n",
       "      <td>-0.066922</td>\n",
       "      <td>-0.062756</td>\n",
       "      <td>-0.138115</td>\n",
       "      <td>-0.084395</td>\n",
       "      <td>-0.100990</td>\n",
       "      <td>-0.118475</td>\n",
       "      <td>0.109972</td>\n",
       "      <td>0.706362</td>\n",
       "      <td>1.000000</td>\n",
       "      <td>-0.005401</td>\n",
       "      <td>0.078508</td>\n",
       "      <td>-0.023121</td>\n",
       "      <td>0.050140</td>\n",
       "    </tr>\n",
       "    <tr>\n",
       "      <th>Salary</th>\n",
       "      <td>0.394771</td>\n",
       "      <td>0.438675</td>\n",
       "      <td>0.343028</td>\n",
       "      <td>0.419859</td>\n",
       "      <td>0.449457</td>\n",
       "      <td>0.443867</td>\n",
       "      <td>0.400657</td>\n",
       "      <td>0.526135</td>\n",
       "      <td>0.548910</td>\n",
       "      <td>0.524931</td>\n",
       "      <td>0.562678</td>\n",
       "      <td>0.566966</td>\n",
       "      <td>0.489822</td>\n",
       "      <td>0.300480</td>\n",
       "      <td>0.025436</td>\n",
       "      <td>-0.005401</td>\n",
       "      <td>1.000000</td>\n",
       "      <td>-0.014282</td>\n",
       "      <td>-0.192514</td>\n",
       "      <td>-0.002834</td>\n",
       "    </tr>\n",
       "    <tr>\n",
       "      <th>League_N</th>\n",
       "      <td>-0.101663</td>\n",
       "      <td>-0.101038</td>\n",
       "      <td>-0.177258</td>\n",
       "      <td>-0.150392</td>\n",
       "      <td>-0.145597</td>\n",
       "      <td>-0.045337</td>\n",
       "      <td>-0.047261</td>\n",
       "      <td>-0.028738</td>\n",
       "      <td>-0.025790</td>\n",
       "      <td>-0.098383</td>\n",
       "      <td>-0.054666</td>\n",
       "      <td>-0.052684</td>\n",
       "      <td>-0.050884</td>\n",
       "      <td>0.023984</td>\n",
       "      <td>0.045527</td>\n",
       "      <td>0.078508</td>\n",
       "      <td>-0.014282</td>\n",
       "      <td>1.000000</td>\n",
       "      <td>-0.004067</td>\n",
       "      <td>0.881041</td>\n",
       "    </tr>\n",
       "    <tr>\n",
       "      <th>Division_W</th>\n",
       "      <td>-0.045441</td>\n",
       "      <td>-0.071143</td>\n",
       "      <td>-0.017206</td>\n",
       "      <td>-0.076311</td>\n",
       "      <td>-0.075531</td>\n",
       "      <td>-0.059086</td>\n",
       "      <td>0.021126</td>\n",
       "      <td>0.022965</td>\n",
       "      <td>0.013584</td>\n",
       "      <td>0.006783</td>\n",
       "      <td>-0.000935</td>\n",
       "      <td>0.013213</td>\n",
       "      <td>-0.005183</td>\n",
       "      <td>-0.005647</td>\n",
       "      <td>-0.013852</td>\n",
       "      <td>-0.023121</td>\n",
       "      <td>-0.192514</td>\n",
       "      <td>-0.004067</td>\n",
       "      <td>1.000000</td>\n",
       "      <td>-0.010155</td>\n",
       "    </tr>\n",
       "    <tr>\n",
       "      <th>NewLeague_N</th>\n",
       "      <td>-0.057655</td>\n",
       "      <td>-0.060608</td>\n",
       "      <td>-0.166044</td>\n",
       "      <td>-0.115446</td>\n",
       "      <td>-0.120124</td>\n",
       "      <td>-0.020029</td>\n",
       "      <td>-0.042919</td>\n",
       "      <td>-0.016502</td>\n",
       "      <td>-0.010047</td>\n",
       "      <td>-0.097461</td>\n",
       "      <td>-0.042882</td>\n",
       "      <td>-0.045737</td>\n",
       "      <td>-0.051726</td>\n",
       "      <td>0.032833</td>\n",
       "      <td>0.039066</td>\n",
       "      <td>0.050140</td>\n",
       "      <td>-0.002834</td>\n",
       "      <td>0.881041</td>\n",
       "      <td>-0.010155</td>\n",
       "      <td>1.000000</td>\n",
       "    </tr>\n",
       "  </tbody>\n",
       "</table>\n",
       "</div>"
      ],
      "text/plain": [
       "                AtBat      Hits     HmRun      Runs       RBI     Walks  \\\n",
       "AtBat        1.000000  0.967939  0.592198  0.913060  0.820539  0.669845   \n",
       "Hits         0.967939  1.000000  0.562158  0.922187  0.811073  0.641211   \n",
       "HmRun        0.592198  0.562158  1.000000  0.650988  0.855122  0.481014   \n",
       "Runs         0.913060  0.922187  0.650988  1.000000  0.798206  0.732213   \n",
       "RBI          0.820539  0.811073  0.855122  0.798206  1.000000  0.615997   \n",
       "Walks        0.669845  0.641211  0.481014  0.732213  0.615997  1.000000   \n",
       "Years        0.047372  0.044767  0.116318  0.004541  0.146168  0.136475   \n",
       "CAtBat       0.235526  0.227565  0.221882  0.186497  0.294688  0.277175   \n",
       "CHits        0.252717  0.255815  0.220627  0.204830  0.308201  0.280671   \n",
       "CHmRun       0.236659  0.202712  0.493227  0.227913  0.441771  0.332473   \n",
       "CRuns        0.266534  0.261787  0.262361  0.250556  0.323285  0.338478   \n",
       "CRBI         0.244053  0.232005  0.351979  0.205976  0.393184  0.308631   \n",
       "CWalks       0.166123  0.151818  0.233154  0.182168  0.250914  0.424507   \n",
       "PutOuts      0.317550  0.310673  0.282923  0.279347  0.343186  0.299515   \n",
       "Assists      0.353824  0.320455 -0.106329  0.220567  0.106591  0.149656   \n",
       "Errors       0.352117  0.310038  0.039318  0.240475  0.193370  0.129382   \n",
       "Salary       0.394771  0.438675  0.343028  0.419859  0.449457  0.443867   \n",
       "League_N    -0.101663 -0.101038 -0.177258 -0.150392 -0.145597 -0.045337   \n",
       "Division_W  -0.045441 -0.071143 -0.017206 -0.076311 -0.075531 -0.059086   \n",
       "NewLeague_N -0.057655 -0.060608 -0.166044 -0.115446 -0.120124 -0.020029   \n",
       "\n",
       "                Years    CAtBat     CHits    CHmRun     CRuns      CRBI  \\\n",
       "AtBat        0.047372  0.235526  0.252717  0.236659  0.266534  0.244053   \n",
       "Hits         0.044767  0.227565  0.255815  0.202712  0.261787  0.232005   \n",
       "HmRun        0.116318  0.221882  0.220627  0.493227  0.262361  0.351979   \n",
       "Runs         0.004541  0.186497  0.204830  0.227913  0.250556  0.205976   \n",
       "RBI          0.146168  0.294688  0.308201  0.441771  0.323285  0.393184   \n",
       "Walks        0.136475  0.277175  0.280671  0.332473  0.338478  0.308631   \n",
       "Years        1.000000  0.920289  0.903631  0.726872  0.882877  0.868812   \n",
       "CAtBat       0.920289  1.000000  0.995063  0.798836  0.983345  0.949219   \n",
       "CHits        0.903631  0.995063  1.000000  0.783306  0.984609  0.945141   \n",
       "CHmRun       0.726872  0.798836  0.783306  1.000000  0.820243  0.929484   \n",
       "CRuns        0.882877  0.983345  0.984609  0.820243  1.000000  0.943769   \n",
       "CRBI         0.868812  0.949219  0.945141  0.929484  0.943769  1.000000   \n",
       "CWalks       0.838533  0.906501  0.890954  0.799983  0.927807  0.884726   \n",
       "PutOuts     -0.004684  0.062283  0.076547  0.112724  0.064180  0.110098   \n",
       "Assists     -0.080638  0.002038 -0.002523 -0.158511 -0.022978 -0.079387   \n",
       "Errors      -0.162140 -0.066922 -0.062756 -0.138115 -0.084395 -0.100990   \n",
       "Salary       0.400657  0.526135  0.548910  0.524931  0.562678  0.566966   \n",
       "League_N    -0.047261 -0.028738 -0.025790 -0.098383 -0.054666 -0.052684   \n",
       "Division_W   0.021126  0.022965  0.013584  0.006783 -0.000935  0.013213   \n",
       "NewLeague_N -0.042919 -0.016502 -0.010047 -0.097461 -0.042882 -0.045737   \n",
       "\n",
       "               CWalks   PutOuts   Assists    Errors    Salary  League_N  \\\n",
       "AtBat        0.166123  0.317550  0.353824  0.352117  0.394771 -0.101663   \n",
       "Hits         0.151818  0.310673  0.320455  0.310038  0.438675 -0.101038   \n",
       "HmRun        0.233154  0.282923 -0.106329  0.039318  0.343028 -0.177258   \n",
       "Runs         0.182168  0.279347  0.220567  0.240475  0.419859 -0.150392   \n",
       "RBI          0.250914  0.343186  0.106591  0.193370  0.449457 -0.145597   \n",
       "Walks        0.424507  0.299515  0.149656  0.129382  0.443867 -0.045337   \n",
       "Years        0.838533 -0.004684 -0.080638 -0.162140  0.400657 -0.047261   \n",
       "CAtBat       0.906501  0.062283  0.002038 -0.066922  0.526135 -0.028738   \n",
       "CHits        0.890954  0.076547 -0.002523 -0.062756  0.548910 -0.025790   \n",
       "CHmRun       0.799983  0.112724 -0.158511 -0.138115  0.524931 -0.098383   \n",
       "CRuns        0.927807  0.064180 -0.022978 -0.084395  0.562678 -0.054666   \n",
       "CRBI         0.884726  0.110098 -0.079387 -0.100990  0.566966 -0.052684   \n",
       "CWalks       1.000000  0.058638 -0.039130 -0.118475  0.489822 -0.050884   \n",
       "PutOuts      0.058638  1.000000 -0.025024  0.109972  0.300480  0.023984   \n",
       "Assists     -0.039130 -0.025024  1.000000  0.706362  0.025436  0.045527   \n",
       "Errors      -0.118475  0.109972  0.706362  1.000000 -0.005401  0.078508   \n",
       "Salary       0.489822  0.300480  0.025436 -0.005401  1.000000 -0.014282   \n",
       "League_N    -0.050884  0.023984  0.045527  0.078508 -0.014282  1.000000   \n",
       "Division_W  -0.005183 -0.005647 -0.013852 -0.023121 -0.192514 -0.004067   \n",
       "NewLeague_N -0.051726  0.032833  0.039066  0.050140 -0.002834  0.881041   \n",
       "\n",
       "             Division_W  NewLeague_N  \n",
       "AtBat         -0.045441    -0.057655  \n",
       "Hits          -0.071143    -0.060608  \n",
       "HmRun         -0.017206    -0.166044  \n",
       "Runs          -0.076311    -0.115446  \n",
       "RBI           -0.075531    -0.120124  \n",
       "Walks         -0.059086    -0.020029  \n",
       "Years          0.021126    -0.042919  \n",
       "CAtBat         0.022965    -0.016502  \n",
       "CHits          0.013584    -0.010047  \n",
       "CHmRun         0.006783    -0.097461  \n",
       "CRuns         -0.000935    -0.042882  \n",
       "CRBI           0.013213    -0.045737  \n",
       "CWalks        -0.005183    -0.051726  \n",
       "PutOuts       -0.005647     0.032833  \n",
       "Assists       -0.013852     0.039066  \n",
       "Errors        -0.023121     0.050140  \n",
       "Salary        -0.192514    -0.002834  \n",
       "League_N      -0.004067     0.881041  \n",
       "Division_W     1.000000    -0.010155  \n",
       "NewLeague_N   -0.010155     1.000000  "
      ]
     },
     "execution_count": 177,
     "metadata": {},
     "output_type": "execute_result"
    }
   ],
   "source": [
    "df.corr()"
   ]
  },
  {
   "cell_type": "code",
   "execution_count": 178,
   "metadata": {},
   "outputs": [],
   "source": [
    "df1 = df.drop(['Errors','Assists','League_N','NewLeague_N'], axis = 1)"
   ]
  },
  {
   "cell_type": "code",
   "execution_count": 179,
   "metadata": {
    "collapsed": true,
    "jupyter": {
     "outputs_hidden": true
    }
   },
   "outputs": [
    {
     "data": {
      "text/html": [
       "<div>\n",
       "<style scoped>\n",
       "    .dataframe tbody tr th:only-of-type {\n",
       "        vertical-align: middle;\n",
       "    }\n",
       "\n",
       "    .dataframe tbody tr th {\n",
       "        vertical-align: top;\n",
       "    }\n",
       "\n",
       "    .dataframe thead th {\n",
       "        text-align: right;\n",
       "    }\n",
       "</style>\n",
       "<table border=\"1\" class=\"dataframe\">\n",
       "  <thead>\n",
       "    <tr style=\"text-align: right;\">\n",
       "      <th></th>\n",
       "      <th>AtBat</th>\n",
       "      <th>Hits</th>\n",
       "      <th>HmRun</th>\n",
       "      <th>Runs</th>\n",
       "      <th>RBI</th>\n",
       "      <th>Walks</th>\n",
       "      <th>Years</th>\n",
       "      <th>CAtBat</th>\n",
       "      <th>CHits</th>\n",
       "      <th>CHmRun</th>\n",
       "      <th>CRuns</th>\n",
       "      <th>CRBI</th>\n",
       "      <th>CWalks</th>\n",
       "      <th>PutOuts</th>\n",
       "      <th>Salary</th>\n",
       "      <th>Division_W</th>\n",
       "    </tr>\n",
       "  </thead>\n",
       "  <tbody>\n",
       "    <tr>\n",
       "      <th>0</th>\n",
       "      <td>293</td>\n",
       "      <td>66</td>\n",
       "      <td>1</td>\n",
       "      <td>30</td>\n",
       "      <td>29</td>\n",
       "      <td>14</td>\n",
       "      <td>1</td>\n",
       "      <td>293</td>\n",
       "      <td>66</td>\n",
       "      <td>1</td>\n",
       "      <td>30</td>\n",
       "      <td>29</td>\n",
       "      <td>14</td>\n",
       "      <td>446</td>\n",
